2000
593866
1964
45004
12314
13609
934127
26905
21336
264080
824161
926444
1072204
878497
917921
833605
942172
916877
916093
897506
899457
625405
22633
11892
641209
17720
22901
27226
638110
1284428
1190747
702445
661854
645343
688684
3459
3566
3342
3504
3387
3488
3274
3126
3408
3367
3305
3389
3302
3729
3459
3528
406
1755
1360
0
0
0
0
0
0
0
0
0
0
0
0
0
0
0
0
0
0
0
0
0
0
0
0
0
0
0
0
0
0
0
0
0
0
0
0
0
0
0
0
0
0
0
0
0
0
0
0
0
0
0
0
0
0
0
0
0
0
0
0
0
0
0
0
0
0
0
0
0
0
0
0
0
0
0
0
0
0
0
0
0
0
0
0
0
0
0
0
0
0
0
0
0
0
0
52559
21788
759548
9018
23863
80000